109901044
109901047
100120800
100120820
100120850
100120870
100120872
100120875
100124600
100124620
100124650
100124652
100124670
100124672
100124675
100330400
100330420
100330470
100330472
100330475
100330600
100330620
100330670
100330672
100330675
100331100
100331120
100331150
100331152
100331170
100331172
100331175
100331300
100331320
100331350
100331352
100331370
100331372
100331375
100331800
100331820
100331850
100331852
100331870
100331872
100331875
10033280
10033290
10033300
10033310
10033320
10033330
10033340
10033360
10033380
10033550
10033560
109901001
109901004
109901005
109901006
109901007
109901008
109901009
109901010
109901011
109901012
109901013
109901014
109901015
109901017
109901018
109901019
109901020
109901021
109901022
109901023
109901024
109901025
109901026
109901027
109901028
109901029
109901030
109901031
109901032
109901033
109901034
109901035
109901036
109901037
109901038
109901039
109901040
109901041
109901042
109901043
109901044
109901047
109901048
109901053
109901054
109901058
109901059
109901060
109901061
109901062
109901063
109901067
109901070
109901071
109901072
109901073
109901076
109901082
109901105
109901106
109901107
109901108
109901109
109901110
109901111
109901113
109901114
109901115
109901116
109901118
109901119
109901120
109901122
109901123
109901124
109901125
109901126
109901128
109901129
109901131
109901132
109901133
109901134
109901135
109901136
109901137
109901138
109901139
109901140
109901156
109901158
109901160
109901161
109901164
109901167
109901168
109901170
109901176
109901177
109901178
109901179
109901180
109901181
109901182
109901183
109901184
109901187
109901188
109901189
109901190
109901191
109901192
109901196
109901200
109901204
109901206
109901207
109901211
109901213
109901214
109901215
109901217
109901218
109901221
109901225
109901226
109901229
109901236
109901262
109901265
109901267
109901269
109901270
109901271
109901280
109901281
109901282
109901283
109901284
109901286
109901288
109901289
109901290
109901291
109901292
109901293
109901294
109901295
109901300
109901305
109901306
109901307
109901313
109901314
109901331
109901332
109901335
109901336
109901339
109901340
109901346
109901347
109901349
109901351
109901352
109901361
109901363
109901364
109901367
109901368
109901370
109901372
109901373
109901396
109901404
109901408
109901411
109901414
109901417
109901420
109901425
109901427
109901428
109901445
109901458
109901459
109901461
109901462
109901474
109901478
109901487
109901488
109901489
109901490
109901491
109901497
109901498
109901503
109901504
109901520
109901521
109901523
109901533
109901538
109901539
109901540
109901541
109901543
109901544
109901546
109901551
109901553
109901554
109901555
109901559
109901560
109901564
109901575
109901581
110220300
110220320
110220350
110220370
110220372
110220375
110221000
110221020
110221050
110221070
110221072
110221075
110221200
110221220
110221252
110221270
110221272
110221275
110221400
110221420
110221450
110221452
110221470
110221472
110221475
110430016
110430065
120210400
120210420
120210450
120210470
120210472
120210475
14725710
14725720
14938610
14938620
150113200
150113252
150113600
150113620
150113650
150113652
150113670
150113672
150113675
150126000
150126050
150127800
150127820
150127850
150127852
150127870
150127872
150127875
150128700
150128720
150128750
150128752
150128770
150128772
150128775
150340000
150340020
150340050
150340052
150340070
150340072
150340075
150340100
150340120
150340150
150340152
150340170
150340172
150340175
15034420
15034440
15034450
150344520
150344550
150344552
150344570
150344572
150344575
15034460
15034470
15034480
15034490
150345220
150345252
155390500
155390520
155390550
155390570
155390572
155390575
180301100
180301120
180301150
180301170
180301172
180301175
180301300
180301320
180301350
180301352
180301370
180301372
180301375
200250000
200250011
200250020
200250070
200250072
200250075
200251820
200251852
206691901
206691902
209061801
209061802
209061803
209901034
209901044
209901109
209901131
209901149
211311501
211311502
214361701
214361702
214361704
214361705
215861501
215861502
217131601
217131602
219271751
219271752
219451951
219451952
230191200
230191220
230235200
230235220
230235250
230235252
230235270
230235272
230235275
230235600
230235620
230235650
230235652
230235670
230235672
230235675
230235800
230235820
230235850
230235870
230235872
230235875
230236600
230236620
230236650
230236652
230236670
230236672
230236675
230237600
230237620
230237670
230237672
230237675
230701701
230701702
230701703
230941651
230941652
230991801
230991802
231831951
231831959
232241651
232241652
232871751
232871752
232871759
234101501
234101502
234171501
234171502
234821651
234821652
235541701
235541702
235541703
235541704
235811901
235811902
237081901
237081902
237111901
237111902
237601751
237601752
239212001
239212002
240581551
240581552
240721751
240721752
240721753
240981701
240981703
241621501
241621502
243392001
243392002
244651901
244651904
244661901
244661902
244661903
244841901
244841902
245371601
245371602
245371603
247211701
247211751
247431901
247431902
247431903
250133700
250133720
250133750
250133770
250133772
250133775
285350000
285350020
285350043
285350050
285350070
285350072
285350075
285350300
285350320
285350370
285350372
285350375
291483401
291483403
292292101
292292103
370306200
370306220
370306250
370306270
370306272
370306275
370306500
370306520
370306550
370306552
370306570
370306572
370306575
370307800
370307820
370307870
370307872
370307875
370308300
370308320
370308352
380215700
380215720
380215750
380215752
380215770
380215772
380215775
380216900
380216920
380216950
380216952
380216970
380216972
380216975
380217000
380217020
380217052
380217070
380217072
380217075
400141200
400141220
400141250
400141252
400141270
400141272
400141275
400143500
400143520
400143550
400143552
400143570
400143572
400143575
400144300
400144320
400144350
400144352
400144370
400144372
400144375
400144700
400144720
400144750
400360200
400360220
400360250
400360270
400360272
400360275
400360500
400360520
400360570
400360572
400360575
400364200
400364220
400364250
400364252
400364270
400364272
400364275
40036520
40036530
40036540
40036550
40036560
40036570
40036580
40036590
40036610
40036620
40036640
400647000
400647020
400647070
400647072
400647075
400647500
400647520
400647570
400647572
400647575
405410000
405410020
405410050
405410052
430145600
430145620
430145670
430145672
430145675
430146000
430146020
430146050
430146052
430146070
430146072
430146075
430147300
430147320
430147350
430147370
430147372
430147375
430260600
430260620
430260650
430260652
430260670
430260672
430260675
430260800
430260820
430260870
430260872
430260875
430310037
430310049
430410037
430410049
440130024
440130028
440130033
440130040
440130044
440130060
440130062
440230024
440230028
440230033
440230040
440230044
440230060
440230062
440310300
440310320
440310350
440310370
440310372
440310375
440310800
440310820
440310850
440310870
440310872
440310875
440311900
440311920
440311952
440330008
440330027
440330032
440330061
440430008
440430027
440430032
440430035
440430061
460152100
460152120
470130049
470130064
470241700
470241720
470241770
470241772
470241775
47024310
47024320
470330017
470330048
470430017
470430048
480154400
480154420
480154450
480154452
480154470
480154472
480154475
540249000
540249020
540249070
540249072
540249075
540249100
540249120
540249152
540249170
540249172
540249175
590256100
590256120
590256152
590256170
590256172
590256175
590257600
590257620
590257652
590257670
590257672
590257675
600321900
600321950
600322000
600322020
600322050
600322070
600322072
600322075
600410030
600410040
610118800
610118820
610118850
610118870
610118872
610118875
610370600
610370620
610370650
610370652
610370670
610370672
610370675